frame,R_00,R_01,R_02,R_10,R_11,R_12,R_20,R_21,R_22
22,0.3740740097843085,0.010933345093148516,0.927334404176273,0.0176258993547911,-0.9998337078356262,0.004678070927047316,0.9272313426949199,0.014595158126510174,-0.3742045142478083
23,0.3740740097843085,0.010933345093148516,0.927334404176273,0.0176258993547911,-0.9998337078356262,0.004678070927047316,0.9272313426949199,0.014595158126510174,-0.3742045142478083
24,0.3740740097843085,0.010933345093148516,0.927334404176273,0.0176258993547911,-0.9998337078356262,0.004678070927047316,0.9272313426949199,0.014595158126510174,-0.3742045142478083
25,0.3740740097843085,0.010933345093148516,0.927334404176273,0.0176258993547911,-0.9998337078356262,0.004678070927047316,0.9272313426949199,0.014595158126510174,-0.3742045142478083
26,0.3740740097843085,0.010933345093148516,0.927334404176273,0.0176258993547911,-0.9998337078356262,0.004678070927047316,0.9272313426949199,0.014595158126510174,-0.3742045142478083
27,0.3740740097843085,0.010933345093148516,0.927334404176273,0.0176258993547911,-0.9998337078356262,0.004678070927047316,0.9272313426949199,0.014595158126510174,-0.3742045142478083
33,0.3900588005665756,-0.0225320430829255,0.9205142253844167,-0.014610528429140035,-0.9997261513702934,-0.018279899489941534,0.9206740273080287,-0.006318963589882685,-0.3902811885545656
34,0.3900588005665756,-0.0225320430829255,0.9205142253844167,-0.014610528429140035,-0.9997261513702934,-0.018279899489941534,0.9206740273080287,-0.006318963589882685,-0.3902811885545656
35,0.3900588005665756,-0.0225320430829255,0.9205142253844167,-0.014610528429140035,-0.9997261513702934,-0.018279899489941534,0.9206740273080287,-0.006318963589882685,-0.3902811885545656
36,0.3900588005665756,-0.0225320430829255,0.9205142253844167,-0.014610528429140035,-0.9997261513702934,-0.018279899489941534,0.9206740273080287,-0.006318963589882685,-0.3902811885545656
37,0.3900588005665756,-0.0225320430829255,0.9205142253844167,-0.014610528429140035,-0.9997261513702934,-0.018279899489941534,0.9206740273080287,-0.006318963589882685,-0.3902811885545656
57,0.3736706116977303,0.008507883893357665,0.9275224470950018,0.028767323076058157,-0.9995832040380704,-0.002420604887851934,0.927115265259116,0.027586846805000134,-0.3737596163403373
58,0.3736706116977303,0.008507883893357665,0.9275224470950018,0.028767323076058157,-0.9995832040380704,-0.002420604887851934,0.927115265259116,0.027586846805000134,-0.3737596163403373
59,0.3736706116977303,0.008507883893357665,0.9275224470950018,0.028767323076058157,-0.9995832040380704,-0.002420604887851934,0.927115265259116,0.027586846805000134,-0.3737596163403373
60,0.3736706116977303,0.008507883893357665,0.9275224470950018,0.028767323076058157,-0.9995832040380704,-0.002420604887851934,0.927115265259116,0.027586846805000134,-0.3737596163403373
61,0.3775677624067525,0.011381245816018251,0.925912010957215,0.03138794145181155,-0.999507145281409,-0.0005134810862953802,0.9254498267991496,0.02925634589424489,-0.3777389102307841
62,0.3775677624067525,0.011381245816018251,0.925912010957215,0.03138794145181155,-0.999507145281409,-0.0005134810862953802,0.9254498267991496,0.02925634589424489,-0.3777389102307841
63,0.3775677624067525,0.011381245816018251,0.925912010957215,0.03138794145181155,-0.999507145281409,-0.0005134810862953802,0.9254498267991496,0.02925634589424489,-0.3777389102307841
64,0.3775677624067525,0.011381245816018251,0.925912010957215,0.03138794145181155,-0.999507145281409,-0.0005134810862953802,0.9254498267991496,0.02925634589424489,-0.3777389102307841
65,0.3775677624067525,0.011381245816018251,0.925912010957215,0.03138794145181155,-0.999507145281409,-0.0005134810862953802,0.9254498267991496,0.02925634589424489,-0.3777389102307841
66,0.3775677624067525,0.011381245816018251,0.925912010957215,0.03138794145181155,-0.999507145281409,-0.0005134810862953802,0.9254498267991496,0.02925634589424489,-0.3777389102307841
67,0.3775677624067525,0.011381245816018251,0.925912010957215,0.03138794145181155,-0.999507145281409,-0.0005134810862953802,0.9254498267991496,0.02925634589424489,-0.3777389102307841
68,0.3775677624067525,0.011381245816018251,0.925912010957215,0.03138794145181155,-0.999507145281409,-0.0005134810862953802,0.9254498267991496,0.02925634589424489,-0.3777389102307841
74,0.38005113749896036,0.009375228450195467,0.9249179628363015,0.01654202380800437,-0.9998576005377097,0.003337678131443909,0.9248175465107064,0.014031526591228333,-0.3801521036735658
75,0.38005113749896036,0.009375228450195467,0.9249179628363015,0.01654202380800437,-0.9998576005377097,0.003337678131443909,0.9248175465107064,0.014031526591228333,-0.3801521036735658
76,0.38005113749896036,0.009375228450195467,0.9249179628363015,0.01654202380800437,-0.9998576005377097,0.003337678131443909,0.9248175465107064,0.014031526591228333,-0.3801521036735658
77,0.38005113749896036,0.009375228450195467,0.9249179628363015,0.01654202380800437,-0.9998576005377097,0.003337678131443909,0.9248175465107064,0.014031526591228333,-0.3801521036735658
78,0.3830037922133963,0.008716896978416874,0.9237056408062174,0.014184882839103182,-0.9998930724083762,0.003554271877425988,0.9236378534084655,0.011741356685043343,-0.38308648670267176
79,0.3830037922133963,0.008716896978416874,0.9237056408062174,0.014184882839103182,-0.9998930724083762,0.003554271877425988,0.9236378534084655,0.011741356685043343,-0.38308648670267176
80,0.3830037922133963,0.008716896978416874,0.9237056408062174,0.014184882839103182,-0.9998930724083762,0.003554271877425988,0.9236378534084655,0.011741356685043343,-0.38308648670267176
81,0.3830037922133963,0.008716896978416874,0.9237056408062174,0.014184882839103182,-0.9998930724083762,0.003554271877425988,0.9236378534084655,0.011741356685043343,-0.38308648670267176
82,0.3830037922133963,0.008716896978416874,0.9237056408062174,0.014184882839103182,-0.9998930724083762,0.003554271877425988,0.9236378534084655,0.011741356685043343,-0.38308648670267176
83,0.3830037922133963,0.008716896978416874,0.9237056408062174,0.014184882839103182,-0.9998930724083762,0.003554271877425988,0.9236378534084655,0.011741356685043343,-0.38308648670267176
84,0.3845354308123672,0.009146194976298344,0.9230649216427864,0.010086159798285303,-0.9999328526826275,0.005706093804530688,0.9230551293560267,0.007115985064499858,-0.38460186027383036
85,0.3845354308123672,0.009146194976298344,0.9230649216427864,0.010086159798285303,-0.9999328526826275,0.005706093804530688,0.9230551293560267,0.007115985064499858,-0.38460186027383036
86,0.3845354308123672,0.009146194976298344,0.9230649216427864,0.010086159798285303,-0.9999328526826275,0.005706093804530688,0.9230551293560267,0.007115985064499858,-0.38460186027383036
87,0.3845354308123672,0.009146194976298344,0.9230649216427864,0.010086159798285303,-0.9999328526826275,0.005706093804530688,0.9230551293560267,0.007115985064499858,-0.38460186027383036
88,0.3845354308123672,0.009146194976298344,0.9230649216427864,0.010086159798285303,-0.9999328526826275,0.005706093804530688,0.9230551293560267,0.007115985064499858,-0.38460186027383036
89,0.3845354308123672,0.009146194976298344,0.9230649216427864,0.010086159798285303,-0.9999328526826275,0.005706093804530688,0.9230551293560267,0.007115985064499858,-0.38460186027383036
90,0.3847675518981003,0.012888040633474752,0.9229235230586402,0.009459446217428308,-0.9999050608615877,0.010019388237027317,0.9229650317772619,0.004875209945695036,-0.3848529361254547
91,0.3847675518981003,0.012888040633474752,0.9229235230586402,0.009459446217428308,-0.9999050608615877,0.010019388237027317,0.9229650317772619,0.004875209945695036,-0.3848529361254547
92,0.3847675518981003,0.012888040633474752,0.9229235230586402,0.009459446217428308,-0.9999050608615877,0.010019388237027317,0.9229650317772619,0.004875209945695036,-0.3848529361254547
93,0.3847675518981003,0.012888040633474752,0.9229235230586402,0.009459446217428308,-0.9999050608615877,0.010019388237027317,0.9229650317772619,0.004875209945695036,-0.3848529361254547
94,0.3847675518981003,0.012888040633474752,0.9229235230586402,0.009459446217428308,-0.9999050608615877,0.010019388237027317,0.9229650317772619,0.004875209945695036,-0.3848529361254547
95,0.390926765830065,0.007001826668806117,0.9203951532797994,0.006241427109788164,-0.999968239825306,0.004956200995973323,0.9204006238292533,0.003807067635238573,-0.3909580513184786
96,0.390926765830065,0.007001826668806117,0.9203951532797994,0.006241427109788164,-0.999968239825306,0.004956200995973323,0.9204006238292533,0.003807067635238573,-0.3909580513184786
97,0.390926765830065,0.007001826668806117,0.9203951532797994,0.006241427109788164,-0.999968239825306,0.004956200995973323,0.9204006238292533,0.003807067635238573,-0.3909580513184786
98,0.390926765830065,0.007001826668806117,0.9203951532797994,0.006241427109788164,-0.999968239825306,0.004956200995973323,0.9204006238292533,0.003807067635238573,-0.3909580513184786
99,0.390926765830065,0.007001826668806117,0.9203951532797994,0.006241427109788164,-0.999968239825306,0.004956200995973323,0.9204006238292533,0.003807067635238573,-0.3909580513184786
100,0.390926765830065,0.007001826668806117,0.9203951532797994,0.006241427109788164,-0.999968239825306,0.004956200995973323,0.9204006238292533,0.003807067635238573,-0.3909580513184786
101,0.3908234204333686,0.005419540218838134,0.920449717597099,0.002698784283779838,-0.999985115203771,0.004741933602502552,0.9204617159904874,0.0006308365218626699,-0.3908322292763612
102,0.3908234204333686,0.005419540218838134,0.920449717597099,0.002698784283779838,-0.999985115203771,0.004741933602502552,0.9204617159904874,0.0006308365218626699,-0.3908322292763612
103,0.3908234204333686,0.005419540218838134,0.920449717597099,0.002698784283779838,-0.999985115203771,0.004741933602502552,0.9204617159904874,0.0006308365218626699,-0.3908322292763612
104,0.3908234204333686,0.005419540218838134,0.920449717597099,0.002698784283779838,-0.999985115203771,0.004741933602502552,0.9204617159904874,0.0006308365218626699,-0.3908322292763612
105,0.3908234204333686,0.005419540218838134,0.920449717597099,0.002698784283779838,-0.999985115203771,0.004741933602502552,0.9204617159904874,0.0006308365218626699,-0.3908322292763612
106,0.3908234204333686,0.005419540218838134,0.920449717597099,0.002698784283779838,-0.999985115203771,0.004741933602502552,0.9204617159904874,0.0006308365218626699,-0.3908322292763612
107,0.3895061945907854,0.003373726442440294,0.9210176666846825,0.000114984968325792,-0.9999934614603889,0.0036143899798702483,0.9210238385372349,-0.001301924099595093,-0.3895040357169314
108,0.3895061945907854,0.003373726442440294,0.9210176666846825,0.000114984968325792,-0.9999934614603889,0.0036143899798702483,0.9210238385372349,-0.001301924099595093,-0.3895040357169314
109,0.3895061945907854,0.003373726442440294,0.9210176666846825,0.000114984968325792,-0.9999934614603889,0.0036143899798702483,0.9210238385372349,-0.001301924099595093,-0.3895040357169314
110,0.3895061945907854,0.003373726442440294,0.9210176666846825,0.000114984968325792,-0.9999934614603889,0.0036143899798702483,0.9210238385372349,-0.001301924099595093,-0.3895040357169314
111,0.3895061945907854,0.003373726442440294,0.9210176666846825,0.000114984968325792,-0.9999934614603889,0.0036143899798702483,0.9210238385372349,-0.001301924099595093,-0.3895040357169314
112,0.3895061945907854,0.003373726442440294,0.9210176666846825,0.000114984968325792,-0.9999934614603889,0.0036143899798702483,0.9210238385372349,-0.001301924099595093,-0.3895040357169314
113,0.3895061945907854,0.003373726442440294,0.9210176666846825,0.000114984968325792,-0.9999934614603889,0.0036143899798702483,0.9210238385372349,-0.001301924099595093,-0.3895040357169314
114,0.3895061945907854,0.003373726442440294,0.9210176666846825,0.000114984968325792,-0.9999934614603889,0.0036143899798702483,0.9210238385372349,-0.001301924099595093,-0.3895040357169314
115,0.38927592435062475,0.0005601489161481478,0.9211210240539291,-0.0009377898297011246,-0.999999055828535,0.0010044362965499708,0.9211207169916453,-0.0012548207960724673,-0.38927503150544784
116,0.38927592435062475,0.0005601489161481478,0.9211210240539291,-0.0009377898297011246,-0.999999055828535,0.0010044362965499708,0.9211207169916453,-0.0012548207960724673,-0.38927503150544784
117,0.38927592435062475,0.0005601489161481478,0.9211210240539291,-0.0009377898297011246,-0.999999055828535,0.0010044362965499708,0.9211207169916453,-0.0012548207960724673,-0.38927503150544784
118,0.38927592435062475,0.0005601489161481478,0.9211210240539291,-0.0009377898297011246,-0.999999055828535,0.0010044362965499708,0.9211207169916453,-0.0012548207960724673,-0.38927503150544784
119,0.38927592435062475,0.0005601489161481478,0.9211210240539291,-0.0009377898297011246,-0.999999055828535,0.0010044362965499708,0.9211207169916453,-0.0012548207960724673,-0.38927503150544784
120,0.3891841129787271,0.002584870556336664,0.9211563627577938,-0.0002346847927813746,-0.9999957521959127,0.002905256129598963,0.9211599595770591,-0.00134686091988704,-0.3891818531710506
121,0.3891841129787271,0.002584870556336664,0.9211563627577938,-0.0002346847927813746,-0.9999957521959127,0.002905256129598963,0.9211599595770591,-0.00134686091988704,-0.3891818531710506
122,0.3891841129787271,0.002584870556336664,0.9211563627577938,-0.0002346847927813746,-0.9999957521959127,0.002905256129598963,0.9211599595770591,-0.00134686091988704,-0.3891818531710506
123,0.3891841129787271,0.002584870556336664,0.9211563627577938,-0.0002346847927813746,-0.9999957521959127,0.002905256129598963,0.9211599595770591,-0.00134686091988704,-0.3891818531710506
124,0.3860235692642605,0.0015015923592974125,0.9224876959574403,0.002368822981915364,-0.9999969917661748,0.000636503166703913,0.9224858766670417,0.0019395048304590885,-0.3860259650215927
125,0.3860235692642605,0.0015015923592974125,0.9224876959574403,0.002368822981915364,-0.9999969917661748,0.000636503166703913,0.9224858766670417,0.0019395048304590885,-0.3860259650215927
126,0.3860235692642605,0.0015015923592974125,0.9224876959574403,0.002368822981915364,-0.9999969917661748,0.000636503166703913,0.9224858766670417,0.0019395048304590885,-0.3860259650215927
127,0.3860235692642605,0.0015015923592974125,0.9224876959574403,0.002368822981915364,-0.9999969917661748,0.000636503166703913,0.9224858766670417,0.0019395048304590885,-0.3860259650215927
128,0.3852302366856615,0.002059675343696281,0.9228181957897168,0.0035014104931158406,-0.9999935733889155,0.0007702632189203029,0.9228138516882309,0.0029344366318414146,-0.38523497272961293
129,0.3852302366856615,0.002059675343696281,0.9228181957897168,0.0035014104931158406,-0.9999935733889155,0.0007702632189203029,0.9228138516882309,0.0029344366318414146,-0.38523497272961293
130,0.3852302366856615,0.002059675343696281,0.9228181957897168,0.0035014104931158406,-0.9999935733889155,0.0007702632189203029,0.9228138516882309,0.0029344366318414146,-0.38523497272961293
131,0.3852302366856615,0.002059675343696281,0.9228181957897168,0.0035014104931158406,-0.9999935733889155,0.0007702632189203029,0.9228138516882309,0.0029344366318414146,-0.38523497272961293
132,0.3852302366856615,0.002059675343696281,0.9228181957897168,0.0035014104931158406,-0.9999935733889155,0.0007702632189203029,0.9228138516882309,0.0029344366318414146,-0.38523497272961293
133,0.3852302366856615,0.002059675343696281,0.9228181957897168,0.0035014104931158406,-0.9999935733889155,0.0007702632189203029,0.9228138516882309,0.0029344366318414146,-0.38523497272961293
134,0.3852302366856615,0.002059675343696281,0.9228181957897168,0.0035014104931158406,-0.9999935733889155,0.0007702632189203029,0.9228138516882309,0.0029344366318414146,-0.38523497272961293
135,0.37947626496270515,0.0004963774587578664,0.9252013391361755,0.004294411411679612,-0.9999900288079353,-0.001224873598316,0.9251915057762805,0.004438005647028037,-0.3794746127810069
136,0.37947626496270515,0.0004963774587578664,0.9252013391361755,0.004294411411679612,-0.9999900288079353,-0.001224873598316,0.9251915057762805,0.004438005647028037,-0.3794746127810069
137,0.37947626496270515,0.0004963774587578664,0.9252013391361755,0.004294411411679612,-0.9999900288079353,-0.001224873598316,0.9251915057762805,0.004438005647028037,-0.3794746127810069
138,0.37947626496270515,0.0004963774587578664,0.9252013391361755,0.004294411411679612,-0.9999900288079353,-0.001224873598316,0.9251915057762805,0.004438005647028037,-0.3794746127810069
139,0.37947626496270515,0.0004963774587578664,0.9252013391361755,0.004294411411679612,-0.9999900288079353,-0.001224873598316,0.9251915057762805,0.004438005647028037,-0.3794746127810069
140,0.37947626496270515,0.0004963774587578664,0.9252013391361755,0.004294411411679612,-0.9999900288079353,-0.001224873598316,0.9251915057762805,0.004438005647028037,-0.3794746127810069
141,0.37947626496270515,0.0004963774587578664,0.9252013391361755,0.004294411411679612,-0.9999900288079353,-0.001224873598316,0.9251915057762805,0.004438005647028037,-0.3794746127810069
142,0.3774628923653951,0.0022874982948666543,0.9260218853994227,0.005384830309784888,-0.9999854638131778,0.0002752542070060173,0.9260090542158241,0.004882572466910724,-0.37746972328442485
143,0.3774628923653951,0.0022874982948666543,0.9260218853994227,0.005384830309784888,-0.9999854638131778,0.0002752542070060173,0.9260090542158241,0.004882572466910724,-0.37746972328442485
144,0.3774628923653951,0.0022874982948666543,0.9260218853994227,0.005384830309784888,-0.9999854638131778,0.0002752542070060173,0.9260090542158241,0.004882572466910724,-0.37746972328442485
145,0.3774628923653951,0.0022874982948666543,0.9260218853994227,0.005384830309784888,-0.9999854638131778,0.0002752542070060173,0.9260090542158241,0.004882572466910724,-0.37746972328442485
146,0.3774628923653951,0.0022874982948666543,0.9260218853994227,0.005384830309784888,-0.9999854638131778,0.0002752542070060173,0.9260090542158241,0.004882572466910724,-0.37746972328442485
147,0.37306176602725516,-0.003427868449503357,0.9278001770028497,0.003993724190549752,-0.9999779777969477,-0.005300385666800192,0.9277979138237573,0.005682749248374649,-0.3730398604241433
148,0.37306176602725516,-0.003427868449503357,0.9278001770028497,0.003993724190549752,-0.9999779777969477,-0.005300385666800192,0.9277979138237573,0.005682749248374649,-0.3730398604241433
149,0.37306176602725516,-0.003427868449503357,0.9278001770028497,0.003993724190549752,-0.9999779777969477,-0.005300385666800192,0.9277979138237573,0.005682749248374649,-0.3730398604241433
150,0.37306176602725516,-0.003427868449503357,0.9278001770028497,0.003993724190549752,-0.9999779777969477,-0.005300385666800192,0.9277979138237573,0.005682749248374649,-0.3730398604241433
151,0.37306176602725516,-0.003427868449503357,0.9278001770028497,0.003993724190549752,-0.9999779777969477,-0.005300385666800192,0.9277979138237573,0.005682749248374649,-0.3730398604241433
152,0.37198879555774245,-0.0014079363510453684,0.9282361519003296,0.005832935569774178,-0.9999755603681773,-0.0038542870921813516,0.9282188927414369,0.006848093280724033,-0.3719714918865148
153,0.37198879555774245,-0.0014079363510453684,0.9282361519003296,0.005832935569774178,-0.9999755603681773,-0.0038542870921813516,0.9282188927414369,0.006848093280724033,-0.3719714918865148
154,0.37198879555774245,-0.0014079363510453684,0.9282361519003296,0.005832935569774178,-0.9999755603681773,-0.0038542870921813516,0.9282188927414369,0.006848093280724033,-0.3719714918865148
155,0.37198879555774245,-0.0014079363510453684,0.9282361519003296,0.005832935569774178,-0.9999755603681773,-0.0038542870921813516,0.9282188927414369,0.006848093280724033,-0.3719714918865148
156,0.37198879555774245,-0.0014079363510453684,0.9282361519003296,0.005832935569774178,-0.9999755603681773,-0.0038542870921813516,0.9282188927414369,0.006848093280724033,-0.3719714918865148
157,0.37198879555774245,-0.0014079363510453684,0.9282361519003296,0.005832935569774178,-0.9999755603681773,-0.0038542870921813516,0.9282188927414369,0.006848093280724033,-0.3719714918865148
158,0.37198879555774245,-0.0014079363510453684,0.9282361519003296,0.005832935569774178,-0.9999755603681773,-0.0038542870921813516,0.9282188927414369,0.006848093280724033,-0.3719714918865148
159,0.36774124994045787,-0.0016758192883026997,0.9299266448069667,0.0026353875950579026,-0.9999924824479383,-0.00284425382722221,0.9299244204904253,0.003496666601608723,-0.36773406899310235
160,0.36774124994045787,-0.0016758192883026997,0.9299266448069667,0.0026353875950579026,-0.9999924824479383,-0.00284425382722221,0.9299244204904253,0.003496666601608723,-0.36773406899310235
161,0.36774124994045787,-0.0016758192883026997,0.9299266448069667,0.0026353875950579026,-0.9999924824479383,-0.00284425382722221,0.9299244204904253,0.003496666601608723,-0.36773406899310235
162,0.36774124994045787,-0.0016758192883026997,0.9299266448069667,0.0026353875950579026,-0.9999924824479383,-0.00284425382722221,0.9299244204904253,0.003496666601608723,-0.36773406899310235
163,0.36774124994045787,-0.0016758192883026997,0.9299266448069667,0.0026353875950579026,-0.9999924824479383,-0.00284425382722221,0.9299244204904253,0.003496666601608723,-0.36773406899310235
164,0.36774124994045787,-0.0016758192883026997,0.9299266448069667,0.0026353875950579026,-0.9999924824479383,-0.00284425382722221,0.9299244204904253,0.003496666601608723,-0.36773406899310235
165,0.3596758776299228,0.0005300493018273724,0.9330771576342882,0.0006778955832406214,-0.99999972317931,0.00030675541021809487,0.9330770619347166,0.0005221963625950767,-0.35967613738227877
166,0.3596758776299228,0.0005300493018273724,0.9330771576342882,0.0006778955832406214,-0.99999972317931,0.00030675541021809487,0.9330770619347166,0.0005221963625950767,-0.35967613738227877
167,0.3596758776299228,0.0005300493018273724,0.9330771576342882,0.0006778955832406214,-0.99999972317931,0.00030675541021809487,0.9330770619347166,0.0005221963625950767,-0.35967613738227877
168,0.3596758776299228,0.0005300493018273724,0.9330771576342882,0.0006778955832406214,-0.99999972317931,0.00030675541021809487,0.9330770619347166,0.0005221963625950767,-0.35967613738227877
169,0.3596758776299228,0.0005300493018273724,0.9330771576342882,0.0006778955832406214,-0.99999972317931,0.00030675541021809487,0.9330770619347166,0.0005221963625950767,-0.35967613738227877
170,0.40098800196592066,-0.004093412605051331,-0.9160741597996435,-0.025412389410265974,-0.9996548896182565,-0.006656735444073258,-0.9157307643318745,0.02594890432284543,-0.4009536402386247
171,0.40098800196592066,-0.004093412605051331,-0.9160741597996435,-0.025412389410265974,-0.9996548896182565,-0.006656735444073258,-0.9157307643318745,0.02594890432284543,-0.4009536402386247
172,0.40098800196592066,-0.004093412605051331,-0.9160741597996435,-0.025412389410265974,-0.9996548896182565,-0.006656735444073258,-0.9157307643318745,0.02594890432284543,-0.4009536402386247
173,0.40098800196592066,-0.004093412605051331,-0.9160741597996435,-0.025412389410265974,-0.9996548896182565,-0.006656735444073258,-0.9157307643318745,0.02594890432284543,-0.4009536402386247
174,0.40098800196592066,-0.004093412605051331,-0.9160741597996435,-0.025412389410265974,-0.9996548896182565,-0.006656735444073258,-0.9157307643318745,0.02594890432284543,-0.4009536402386247
175,0.40098800196592066,-0.004093412605051331,-0.9160741597996435,-0.025412389410265974,-0.9996548896182565,-0.006656735444073258,-0.9157307643318745,0.02594890432284543,-0.4009536402386247
176,0.40098800196592066,-0.004093412605051331,-0.9160741597996435,-0.025412389410265974,-0.9996548896182565,-0.006656735444073258,-0.9157307643318745,0.02594890432284543,-0.4009536402386247
177,0.40091916324644805,-0.005685390798864296,-0.9160957924110512,-0.023557742483286435,-0.9997140481409875,-0.004105449871874103,-0.915810492029251,0.023227102295023776,-0.40093845463876066
178,0.40091916324644805,-0.005685390798864296,-0.9160957924110512,-0.023557742483286435,-0.9997140481409875,-0.004105449871874103,-0.915810492029251,0.023227102295023776,-0.40093845463876066
179,0.40091916324644805,-0.005685390798864296,-0.9160957924110512,-0.023557742483286435,-0.9997140481409875,-0.004105449871874103,-0.915810492029251,0.023227102295023776,-0.40093845463876066
180,0.40091916324644805,-0.005685390798864296,-0.9160957924110512,-0.023557742483286435,-0.9997140481409875,-0.004105449871874103,-0.915810492029251,0.023227102295023776,-0.40093845463876066
181,0.40091916324644805,-0.005685390798864296,-0.9160957924110512,-0.023557742483286435,-0.9997140481409875,-0.004105449871874103,-0.915810492029251,0.023227102295023776,-0.40093845463876066
182,0.40091916324644805,-0.005685390798864296,-0.9160957924110512,-0.023557742483286435,-0.9997140481409875,-0.004105449871874103,-0.915810492029251,0.023227102295023776,-0.40093845463876066
183,0.40091916324644805,-0.005685390798864296,-0.9160957924110512,-0.023557742483286435,-0.9997140481409875,-0.004105449871874103,-0.915810492029251,0.023227102295023776,-0.40093845463876066
184,0.40091916324644805,-0.005685390798864296,-0.9160957924110512,-0.023557742483286435,-0.9997140481409875,-0.004105449871874103,-0.915810492029251,0.023227102295023776,-0.40093845463876066
185,0.3940945416895083,-0.008952805324271411,-0.919026299671213,-0.03595081736118388,-0.9993374119896021,-0.005681173205144132,-0.9183665014260914,0.03527866600014441,-0.39415528004030465
186,0.3940945416895083,-0.008952805324271411,-0.919026299671213,-0.03595081736118388,-0.9993374119896021,-0.005681173205144132,-0.9183665014260914,0.03527866600014441,-0.39415528004030465
187,0.3940945416895083,-0.008952805324271411,-0.919026299671213,-0.03595081736118388,-0.9993374119896021,-0.005681173205144132,-0.9183665014260914,0.03527866600014441,-0.39415528004030465
188,0.3940945416895083,-0.008952805324271411,-0.919026299671213,-0.03595081736118388,-0.9993374119896021,-0.005681173205144132,-0.9183665014260914,0.03527866600014441,-0.39415528004030465
189,0.3940945416895083,-0.008952805324271411,-0.919026299671213,-0.03595081736118388,-0.9993374119896021,-0.005681173205144132,-0.9183665014260914,0.03527866600014441,-0.39415528004030465
190,0.3940945416895083,-0.008952805324271411,-0.919026299671213,-0.03595081736118388,-0.9993374119896021,-0.005681173205144132,-0.9183665014260914,0.03527866600014441,-0.39415528004030465
191,0.3940945416895083,-0.008952805324271411,-0.919026299671213,-0.03595081736118388,-0.9993374119896021,-0.005681173205144132,-0.9183665014260914,0.03527866600014441,-0.39415528004030465
192,0.386591951975763,-0.011621052969565178,-0.9221776476338208,-0.041048520882608755,-0.9991464858807653,-0.0046172162032722015,-0.9213368990770525,0.03963900705108904,-0.38673901732186866
193,0.386591951975763,-0.011621052969565178,-0.9221776476338208,-0.041048520882608755,-0.9991464858807653,-0.0046172162032722015,-0.9213368990770525,0.03963900705108904,-0.38673901732186866
194,0.386591951975763,-0.011621052969565178,-0.9221776476338208,-0.041048520882608755,-0.9991464858807653,-0.0046172162032722015,-0.9213368990770525,0.03963900705108904,-0.38673901732186866
195,0.386591951975763,-0.011621052969565178,-0.9221776476338208,-0.041048520882608755,-0.9991464858807653,-0.0046172162032722015,-0.9213368990770525,0.03963900705108904,-0.38673901732186866
196,0.386591951975763,-0.011621052969565178,-0.9221776476338208,-0.041048520882608755,-0.9991464858807653,-0.0046172162032722015,-0.9213368990770525,0.03963900705108904,-0.38673901732186866
197,0.3782902607962789,-0.016316118416588764,-0.9255432258228136,-0.053608207107131225,-0.9985527546890322,-0.004307694708819247,-0.9241334528721719,0.05124627189134169,-0.3786174598454174
198,0.3782902607962789,-0.016316118416588764,-0.9255432258228136,-0.053608207107131225,-0.9985527546890322,-0.004307694708819247,-0.9241334528721719,0.05124627189134169,-0.3786174598454174
199,0.3782902607962789,-0.016316118416588764,-0.9255432258228136,-0.053608207107131225,-0.9985527546890322,-0.004307694708819247,-0.9241334528721719,0.05124627189134169,-0.3786174598454174
200,0.3782902607962789,-0.016316118416588764,-0.9255432258228136,-0.053608207107131225,-0.9985527546890322,-0.004307694708819247,-0.9241334528721719,0.05124627189134169,-0.3786174598454174
201,0.3782902607962789,-0.016316118416588764,-0.9255432258228136,-0.053608207107131225,-0.9985527546890322,-0.004307694708819247,-0.9241334528721719,0.05124627189134169,-0.3786174598454174
202,0.37636720101903287,-0.015331148838734859,-0.9263437190764467,-0.04984941326675013,-0.9987498024204805,-0.0037239981219084686,-0.9251285132315721,0.047579281629042916,-0.37666091642962507
203,0.37636720101903287,-0.015331148838734859,-0.9263437190764467,-0.04984941326675013,-0.9987498024204805,-0.0037239981219084686,-0.9251285132315721,0.047579281629042916,-0.37666091642962507
204,0.37636720101903287,-0.015331148838734859,-0.9263437190764467,-0.04984941326675013,-0.9987498024204805,-0.0037239981219084686,-0.9251285132315721,0.047579281629042916,-0.37666091642962507
205,0.37636720101903287,-0.015331148838734859,-0.9263437190764467,-0.04984941326675013,-0.9987498024204805,-0.0037239981219084686,-0.9251285132315721,0.047579281629042916,-0.37666091642962507
206,0.37636720101903287,-0.015331148838734859,-0.9263437190764467,-0.04984941326675013,-0.9987498024204805,-0.0037239981219084686,-0.9251285132315721,0.047579281629042916,-0.37666091642962507
207,0.37636720101903287,-0.015331148838734859,-0.9263437190764467,-0.04984941326675013,-0.9987498024204805,-0.0037239981219084686,-0.9251285132315721,0.047579281629042916,-0.37666091642962507
208,0.37636720101903287,-0.015331148838734859,-0.9263437190764467,-0.04984941326675013,-0.9987498024204805,-0.0037239981219084686,-0.9251285132315721,0.047579281629042916,-0.37666091642962507
209,0.3735547888346934,-0.00869090012060806,-0.9275674034773762,-0.044846913539973006,-0.9989559767098435,-0.008701203458191056,-0.9265233802147717,0.0448489113666794,-0.3735545489812937
210,0.3735547888346934,-0.00869090012060806,-0.9275674034773762,-0.044846913539973006,-0.9989559767098435,-0.008701203458191056,-0.9265233802147717,0.0448489113666794,-0.3735545489812937
211,0.3735547888346934,-0.00869090012060806,-0.9275674034773762,-0.044846913539973006,-0.9989559767098435,-0.008701203458191056,-0.9265233802147717,0.0448489113666794,-0.3735545489812937
212,0.3735547888346934,-0.00869090012060806,-0.9275674034773762,-0.044846913539973006,-0.9989559767098435,-0.008701203458191056,-0.9265233802147717,0.0448489113666794,-0.3735545489812937
213,0.3735547888346934,-0.00869090012060806,-0.9275674034773762,-0.044846913539973006,-0.9989559767098435,-0.008701203458191056,-0.9265233802147717,0.0448489113666794,-0.3735545489812937
214,0.3735547888346934,-0.00869090012060806,-0.9275674034773762,-0.044846913539973006,-0.9989559767098435,-0.008701203458191056,-0.9265233802147717,0.0448489113666794,-0.3735545489812937
215,0.3735547888346934,-0.00869090012060806,-0.9275674034773762,-0.044846913539973006,-0.9989559767098435,-0.008701203458191056,-0.9265233802147717,0.0448489113666794,-0.3735545489812937
216,0.369892966915385,-0.010179536591247438,-0.9290186058746729,-0.03984808558604925,-0.9991936503616309,-0.00491723012740166,-0.9282194369337783,0.038838461758756444,-0.37000033890059214
217,0.369892966915385,-0.010179536591247438,-0.9290186058746729,-0.03984808558604925,-0.9991936503616309,-0.00491723012740166,-0.9282194369337783,0.038838461758756444,-0.37000033890059214
218,0.369892966915385,-0.010179536591247438,-0.9290186058746729,-0.03984808558604925,-0.9991936503616309,-0.00491723012740166,-0.9282194369337783,0.038838461758756444,-0.37000033890059214
219,0.369892966915385,-0.010179536591247438,-0.9290186058746729,-0.03984808558604925,-0.9991936503616309,-0.00491723012740166,-0.9282194369337783,0.038838461758756444,-0.37000033890059214
220,0.3693772336865102,-0.009124095622804865,-0.9292347443532052,-0.0419442361308046,-0.9990963814594294,-0.006863061275969855,-0.9283324513823181,0.041511100126837445,-0.3694261607909699
221,0.3693772336865102,-0.009124095622804865,-0.9292347443532052,-0.0419442361308046,-0.9990963814594294,-0.006863061275969855,-0.9283324513823181,0.041511100126837445,-0.3694261607909699
222,0.3693772336865102,-0.009124095622804865,-0.9292347443532052,-0.0419442361308046,-0.9990963814594294,-0.006863061275969855,-0.9283324513823181,0.041511100126837445,-0.3694261607909699
223,0.3693772336865102,-0.009124095622804865,-0.9292347443532052,-0.0419442361308046,-0.9990963814594294,-0.006863061275969855,-0.9283324513823181,0.041511100126837445,-0.3694261607909699
224,0.3693772336865102,-0.009124095622804865,-0.9292347443532052,-0.0419442361308046,-0.9990963814594294,-0.006863061275969855,-0.9283324513823181,0.041511100126837445,-0.3694261607909699
225,0.36696309436268704,-0.011763621203521108,-0.9301611175446662,-0.044834720017574714,-0.9989816338837247,-0.005054012658216079,-0.929154419489413,0.04355814940035667,-0.3671168102445166
226,0.36696309436268704,-0.011763621203521108,-0.9301611175446662,-0.044834720017574714,-0.9989816338837247,-0.005054012658216079,-0.929154419489413,0.04355814940035667,-0.3671168102445166
227,0.36696309436268704,-0.011763621203521108,-0.9301611175446662,-0.044834720017574714,-0.9989816338837247,-0.005054012658216079,-0.929154419489413,0.04355814940035667,-0.3671168102445166
228,0.36696309436268704,-0.011763621203521108,-0.9301611175446662,-0.044834720017574714,-0.9989816338837247,-0.005054012658216079,-0.929154419489413,0.04355814940035667,-0.3671168102445166
229,0.36696309436268704,-0.011763621203521108,-0.9301611175446662,-0.044834720017574714,-0.9989816338837247,-0.005054012658216079,-0.929154419489413,0.04355814940035667,-0.3671168102445166
230,0.3637979534745859,-0.010345658292770638,-0.9314204294528825,-0.03810762700725867,-0.9992664723155182,-0.0037849795211016488,-0.9306980486772165,0.036871190116251146,-0.36392534609152016
231,0.3637979534745859,-0.010345658292770638,-0.9314204294528825,-0.03810762700725867,-0.9992664723155182,-0.0037849795211016488,-0.9306980486772165,0.036871190116251146,-0.36392534609152016
232,0.3637979534745859,-0.010345658292770638,-0.9314204294528825,-0.03810762700725867,-0.9992664723155182,-0.0037849795211016488,-0.9306980486772165,0.036871190116251146,-0.36392534609152016
233,0.3637979534745859,-0.010345658292770638,-0.9314204294528825,-0.03810762700725867,-0.9992664723155182,-0.0037849795211016488,-0.9306980486772165,0.036871190116251146,-0.36392534609152016
234,0.3652097264557481,-0.008815843075323019,-0.9308835247295918,-0.02915770654131267,-0.9995728765623997,-0.0019729647792831474,-0.9304685292106166,0.027862974565557044,-0.3653107865872439
235,0.3652097264557481,-0.008815843075323019,-0.9308835247295918,-0.02915770654131267,-0.9995728765623997,-0.0019729647792831474,-0.9304685292106166,0.027862974565557044,-0.3653107865872439
236,0.3652097264557481,-0.008815843075323019,-0.9308835247295918,-0.02915770654131267,-0.9995728765623997,-0.0019729647792831474,-0.9304685292106166,0.027862974565557044,-0.3653107865872439
237,0.3652097264557481,-0.008815843075323019,-0.9308835247295918,-0.02915770654131267,-0.9995728765623997,-0.0019729647792831474,-0.9304685292106166,0.027862974565557044,-0.3653107865872439
238,0.36506438516441675,-0.00638484628121599,-0.9309603796201489,-0.021289368967298536,-0.9997722430481578,-0.0014915761560796315,-0.9307388234373275,0.020364080348014776,-0.365117168561106
239,0.36506438516441675,-0.00638484628121599,-0.9309603796201489,-0.021289368967298536,-0.9997722430481578,-0.0014915761560796315,-0.9307388234373275,0.020364080348014776,-0.365117168561106
240,0.36506438516441675,-0.00638484628121599,-0.9309603796201489,-0.021289368967298536,-0.9997722430481578,-0.0014915761560796315,-0.9307388234373275,0.020364080348014776,-0.365117168561106
241,0.36506438516441675,-0.00638484628121599,-0.9309603796201489,-0.021289368967298536,-0.9997722430481578,-0.0014915761560796315,-0.9307388234373275,0.020364080348014776,-0.365117168561106
242,0.36506438516441675,-0.00638484628121599,-0.9309603796201489,-0.021289368967298536,-0.9997722430481578,-0.0014915761560796315,-0.9307388234373275,0.020364080348014776,-0.365117168561106
243,0.36506438516441675,-0.00638484628121599,-0.9309603796201489,-0.021289368967298536,-0.9997722430481578,-0.0014915761560796315,-0.9307388234373275,0.020364080348014776,-0.365117168561106
244,0.3651892703394011,-0.006756682776935537,-0.9309087732247604,-0.025921475164555355,-0.9996597375020415,-0.0029131327883985536,-0.9305723367660731,0.025194373483009364,-0.36524015331084425
245,0.3651892703394011,-0.006756682776935537,-0.9309087732247604,-0.025921475164555355,-0.9996597375020415,-0.0029131327883985536,-0.9305723367660731,0.025194373483009364,-0.36524015331084425
246,0.3651892703394011,-0.006756682776935537,-0.9309087732247604,-0.025921475164555355,-0.9996597375020415,-0.0029131327883985536,-0.9305723367660731,0.025194373483009364,-0.36524015331084425
247,0.3651892703394011,-0.006756682776935537,-0.9309087732247604,-0.025921475164555355,-0.9996597375020415,-0.0029131327883985536,-0.9305723367660731,0.025194373483009364,-0.36524015331084425
248,0.3651892703394011,-0.006756682776935537,-0.9309087732247604,-0.025921475164555355,-0.9996597375020415,-0.0029131327883985536,-0.9305723367660731,0.025194373483009364,-0.36524015331084425
249,0.3651892703394011,-0.006756682776935537,-0.9309087732247604,-0.025921475164555355,-0.9996597375020415,-0.0029131327883985536,-0.9305723367660731,0.025194373483009364,-0.36524015331084425
250,0.3651892703394011,-0.006756682776935537,-0.9309087732247604,-0.025921475164555355,-0.9996597375020415,-0.0029131327883985536,-0.9305723367660731,0.025194373483009364,-0.36524015331084425
251,0.36394370943405474,-0.006962582303137109,-0.9313949209712562,-0.029453025809777995,-0.9995580145875417,-0.004036674926271688,-0.930955152321544,0.028901521092909298,-0.3639879207398057
252,0.36394370943405474,-0.006962582303137109,-0.9313949209712562,-0.029453025809777995,-0.9995580145875417,-0.004036674926271688,-0.930955152321544,0.028901521092909298,-0.3639879207398057
253,0.36394370943405474,-0.006962582303137109,-0.9313949209712562,-0.029453025809777995,-0.9995580145875417,-0.004036674926271688,-0.930955152321544,0.028901521092909298,-0.3639879207398057
254,0.36394370943405474,-0.006962582303137109,-0.9313949209712562,-0.029453025809777995,-0.9995580145875417,-0.004036674926271688,-0.930955152321544,0.028901521092909298,-0.3639879207398057
255,0.36394370943405474,-0.006962582303137109,-0.9313949209712562,-0.029453025809777995,-0.9995580145875417,-0.004036674926271688,-0.930955152321544,0.028901521092909298,-0.3639879207398057
256,0.36394370943405474,-0.006962582303137109,-0.9313949209712562,-0.029453025809777995,-0.9995580145875417,-0.004036674926271688,-0.930955152321544,0.028901521092909298,-0.3639879207398057
257,0.36320356291564915,-0.005514963777267892,-0.9316934887933443,-0.023067685922355183,-0.9997291769825679,-0.003074826164978478,-0.9314242071964662,0.02260880059385466,-0.36323241648308524
258,0.36320356291564915,-0.005514963777267892,-0.9316934887933443,-0.023067685922355183,-0.9997291769825679,-0.003074826164978478,-0.9314242071964662,0.02260880059385466,-0.36323241648308524
259,0.36320356291564915,-0.005514963777267892,-0.9316934887933443,-0.023067685922355183,-0.9997291769825679,-0.003074826164978478,-0.9314242071964662,0.02260880059385466,-0.36323241648308524
260,0.36320356291564915,-0.005514963777267892,-0.9316934887933443,-0.023067685922355183,-0.9997291769825679,-0.003074826164978478,-0.9314242071964662,0.02260880059385466,-0.36323241648308524
261,0.36339038020092684,-0.008320388114453557,-0.9315998082433524,-0.02797526430652779,-0.9996066456671224,-0.0019845717683424913,-0.9312168470149184,0.026782925152952386,-0.36348020407698345
262,0.36339038020092684,-0.008320388114453557,-0.9315998082433524,-0.02797526430652779,-0.9996066456671224,-0.0019845717683424913,-0.9312168470149184,0.026782925152952386,-0.36348020407698345
